6
11
11
51
27
72
32
11
7
9
9
30
47
59
13
24
267
20
43
14
25
30
16
25
58
11
124
14
18
15
24
11
18
17
18
51
39
8
52
17
28
134
230
23
12
22
8
61
11
30
8
13
20
34
23
15
9
83
41
41
33
8
68
12
7
328
15
323
26
316
47
30
12
21
30
46
87
37
167
31
12
120
12
194
232
13
8
10
25
13
10
17
17
51
31
86
48
55
12
78
97
179
80
44
119
12
11
9
26
26
14
10
26
13
13
11
12
27
22
59
8
35
25
17
10
14
9
180
20
28
8
19
12
106
64
80
46
81
11
22
14
15
88
8
45
80
40
57
32
14
284
13
46
73
38
46
46
23
35
28
27
23
43
9
82
27
12
52
99
121
93
23
76
22
17
96
11
10
18
9
24
40
13
27
34
35
13
20
26
23
726
228
12
11
8
7
11
11
8
7
19
39
34
77
184
11
104
15
16
44
90
38
39
75
13
8
13
65
23
65
35
10
30
10
32
7
89
90
23
22
98
7
16
193
32
62
141
24
18
71
78
32
27
8
14
41
47
51
12
29
339
23
9
9
353
12
8
13
333
32
8
78
24
15
9
17
352
780
529
38
393
507
368
184
60
728
234
13
20
341
20
66
12
19
342
24
402
25
17
46
58
172
17
37
29
19
11
12
117
13
11
12
21
69
61
25
60
32
54
16
49
43
99
70
76
426
27
10
17
59
379
39
46
8
8
10
16
36
310
35
31
59
16
105
410
187
44
45
35
28
390
31
57
24
40
28
17
71
55
10
12
68
19
12
56
69
10
8
10
10
92
463
83
70
9
15
12
33
661
470
164
408
375
52
22
42
7
2159
1661
1157
653
151
161
197
56
14
10
8
32
7
7
9
9
634
142
11
11
8
49
13
27
41
95
19
10
39
10
37
12
747
269
5
1381
889
384
12
12
7
8
10
325
24
10
114
9
11
9
12
8
8
15
16
31
13
21
9
8
8
8
98
7
14
27
7
310
12
17
13
8
55
16
66
314
13
7
9
14
7
10
23
14
38
11
8
17
18
721
220
11
10
9
19
8
9
8
1366
870
369
12
31
75
13
28
1356
862
357
39
22
8
33
11
12
20
9
9
8
9
11
38
16
30
78
54
15
31
51
90
94
443
14
33
16
5
11
15
800
301
34
31
44
36
23
24
15
67
23
9
44
12
1394
915
410
23
60
9
13
28
20
119
24
24
72
101
34
55
11
8
13
13
379
894
394
8
8
8
328
21
9
103
357
37
17
14
15
7
8
15
21
9
44
321
15
10
50
14
10
14
16
45
19
200
20
150
432
15
22
22
787
288
75
8
8
11
13
321
16
55
29
17
20
26
9
75
29
45
8
17
9
341
20
48
42
33
914
419
10
64
26
13
105
128
1001
502
8
8
22
39
28
24
13
8
8
10
22
312
9
17
38
18
29
11
10
8
60
9
30
10
16
15
12
34
713
216
10
9
17
9
9
45
90
38
91
17
23
40
23
35
24
14
82
21
48
322
54
9
12
30
18
14
7
66
120
62
33
27
23
387
63
359
26
19
8
11
9
8
8
9
12
75
17
16
30
59
20
46
40
81
156
11
16
111
51
6
39
32
875
383
43
19
35
13
97
84
235
44
30
46
348
21
22
31
11
10
27
18
87
25
47
823
343
12
39
59
31
53
25
315
82
64
46
9
19
31
721
221
37
29
47
21
11
13
43
55
59
29
15
21
88
98
22
132
39
39
107
17
14
8
20
408
22
11
98
48
55
328
41
38
743
299
25
70
33
124
33
72
78
10
30
122
13
18
20
141
44
16
27
52
15
18
58
10
21
135
26
74
26
29
38
13
424
8
62
12
22
81
90
13
402
918
449
12
38
12
69
93
145
455
107
49
33
78
65
468
62
82
39
27
24
13
18
26
455
18
60
36
11
27
17
41
40
75
25
57
103
34
52
36
29
19
8
14
46
74
42
77
32
71
140
51
135
20
10
118
93
22
239
82
32
45
9
63
39
35
19
49
35
38
47
753
280
11
38
24
33
52
68
13
27
49
28
39
14
317
33
141
459
429
334
12
35
47
30
2458
1996
1495
994
491
29
67
34
17
17
61
20
31
98
18
54
28
66
58
34
76
110
12
35
86
21
117
47
33
15
32
65
37
19
20
104
74
27
249
121
42
19
94
17
87
61
31
124
26
57
107
9
38
43
12
80
266
51
17
56
57
57
38
41
1023
542
41
56
19
22
104
172
10
48
153
48
55
106
12
13
122
56
210
78
257
14
10
13
614
132
117
99
11
19
45
457
34
79
14
29
68
10
27
163
1182
683
184
17
36
65
13
11
54
238
9
564
65
48
440
52
33
10
17
58
29
73
92
370
83
60
32
28
64
11
33
193
27
11
11
52
10
15
9
31
62
8
10
31
11
13
28
11
16
35
12
26
86
17
8
9
9
9
9
8
11
13
21
32
172
13
113
469
12
71
23
21
45
27
24
14
36
13
23
7
7
351
16
172
125
106
67
26
8
26
74
12
48
7
9
24
11
412
12
10
38
12
131
34
13
26
8
87
17
13
11
19
15
14
9
28
191
9
24
125
17
22
33
13
9
7
393
8
46
941
463
36
394
47
170
91
16
188
15
53
54
41
46
52
10
102
18
6
12
14
25
34
36
28
435
111
454
48
12
11
47
235
29
45
17
38
17
24
10
34
90
63
14
27
33
394
43
19
53
47
17
150
123
58
32
1332
937
435
149
79
9
19
15
13
7
21
22
18
26
50
29
81
18
120
23
72
24
56
23
46
56
161
65
29
126
65
44
55
65
49
12
57
7
8
122
1164
679
174
11
17
99
459
110
20
18
12
26
26
8
28
19
437
335
11
30
210
103
125
16
48
194
42
76
97
23
21
31
28
15
24
16
55
21
212
40
63
50
35
13
93
12
34
20
48
67
33
92
197
12
32
12
19
28
8
5
9
16
17
18
44
10
8
7
22
102
26
58
31
50
19
50
12
8
9
342
28
9
34
46
15
33
117
56
16
32
177
10
36
28
16
82
54
15
25
155
49
10
13
11
194
23
29
16
27
87
27
891
394
20
17
10
55
28
35
70
303
1176
671
536
52
18
102
59
54
77
61
63
16
9
9
44
86
7
9
10
359
7
28
15
8
9
170
14
8
32
25
64
16
350
8
27
10
16
101
904
406
7
11
18
12
15
14
34
12
12
35
36
8
9
20
16
10
17
156
9
10
8
16
13
8
8
12
67
52
96
18
74
26
17
20
90
32
20
20
13
10
124
8
16
7
10
7
111
18
317
107
80
70
11
9
10
8
9
11
12
9
8
8
18
10
9
11
10
8
7
10
126
42
39
11
328
8
11
10
7
9
14
8
11
20
22
7
12
10
12
8
10
750
252
10
16
19
8
88
315
8
7
12
9
15
140
82
39
61
12
10
8
13
10
6
1449
957
456
9
311
7
12
9
12
14
74
15
18
36
12
103
17
78
29
353
25
11
27
32
314
7
13
9
30
27
16
27
17
12
30
12
13
10
9
11
81
12
9
13
13
10
17
18
16
41
24
11
29
316
13
20
12
12
14
7
10
8
8
8
13
776
275
14
50
22
10
38
112
396
7
6
15
7
10
58
17
715
220
19
19
32
10
30
15
14
10
15
18
8
7
743
272
7
8
4
42
19
28
349
12
17
15
21
20
39
259
50
46
21
14
388
7
15
7
356
10
8
13
39
65
89
18
19
203
529
235
25
23
12
15
18
7
441
8
397
8
10
14
7
8
22
12
8
20
15
39
126
14
17
7
8
28
15
7
8
12
11
9
8
7
12
11
9
12
12
73
53
54
20
15
9
12
8
9
15
9
8
10
29
12
20
14
42
11
25
44
92
13
35
11
41
41
24
9
10
8
11
100
73
15
19
12
15
329
9
11
31
58
14
76
17
45
25
8
53
12
9
30
30
8
8
13
73
155
41
531
69
78
11
21
31
146
121
16
9
12
21
11
7
9
21
26
10
55
23
10
15
45
17
93
85
22
12
33
11
20
9
715
214
711
211
47
11
10
24
18
370
350
36
17
22
46
107
327
28
88
9
12
25
7
7
320
10
9
7
11
34
34
46
9
309
9
13
315
13
14
12
318
16
310
62
357
13
8
8
86
111
38
28
10
11
14
8
322
12
8
11
8
7
13
7
10
30
310
9
130
49
19
63
9
10
8
12
26
20
25
8
316
19
315
8
314
93
379
96
13
38
13
10
13
16
11
14
17
9
10
13
13
9
45
79
63
79
12
15
15
16
10
12
10
8
9
18
18
7
12
13
9
12
8
10
45
42
102
42
12
13
11
7
11
13
19
7
12
12
16
8
11
33
33
13
12
79
69
27
15
74
24
24
22
36
40
26
27
17
24
27
29
9
31
41
71
30
38
30
18
134
45
68
13
21
177
72
34
15
14
33
9
8
13
9
52
33
22
31
44
91
20
66
11
10
15
15
20
7
13
8
9
7
9
12
13
105
44
26
97
48
94
8
12
14
20
13
37
41
10
83
9
14
15
36
59
86
29
84
40
40
38
48
8
11
25
15
52
73
96
8
8
30
13
10
8
8
16
120
75
34
45
21
62
56
13
23
10
11
30
10
34
18
57
161
18
8
30
8
75
46
23
12
15
11
47
36
11
7
12
13
10
19
24
16
10
70
21
21
11
32
9
25
317
29
11
26
21
18
14
53
14
8
14
16
20
20
16
127
56
144
37
16
9
13
9
17
13
9
11
29
91
30
33
23
245
66
7
8
9
11
10
8
7
10
17
47
28
13
13
7
7
8
31
15
9
18
34
12
14
14
11
8
10
7
14
8
9
11
30
36
8
13
13
9
8
10
10
39
8
18
14
48
8
19
9
10
37
12
8
136
9
7
10
10
8
8
17
22
7
31
10
9
10
98
11
11
12
10
7
11
17
11
7
10
18
10
8
7
13
20
28
28
18
14
13
7
11
8
10
10
8
9
14
15
8
317
12
314
10
13
13
75
23
32
59
80
24
12
10
14
8
11
16
32
78
15
8
8
9
13
8
19
22
20
42
15
28
10
12
10
12
15
56
313
16
10
8
9
9
333
9
14
13
12
28
8
8
358
7
13
8
10
11
15
10
14
8
7
8
35
732
237
14
14
768
279
13
10
19
9
8
12
9
10
12
11
9
12
8
1328
831
328
9
8
8
21
20
50
15
17
788
292
87
8
8
16
21
37
13
8
8
8
10
8
11
12
16
10
10
17
14
313
8
10
13
12
7
14
16
34
8
8
13
40
7
10
6
14
335
40
20
44
16
20
8
23
312
10
46
9
13
15
77
14
14
24
8
12
10
16
15
21
715
220
11
11
39
8
16
14
313
10
25
11
81
17
21
18
8
13
11
9
11
12
11
25
15
10
15
19
309
7
23
9
11
10
8
8
18
15
8
13
8
18
13
8
8
13
319
11
15
18
314
22
45
15
8
57
19
17
12
37
19
12
11
8
10
8
8
10
9
8
8
10
18
17
7
9
8
8
12
10
7
8
32
9
15
21
26
8
11
8
9
8
11
17
48
731
238
34
9
39
17
7
9
8
11
8
12
9
13
61
1328
830
327
7
9
8
9
5
8
14
14
11
8
13
14
9
8
12
10
8
12
16
10
11
328
32
14
10
10
12
9
7
329
368
9
12
9
7
9
14
1342
852
347
21
9
10
73
40
9
8
9
10
12
9
13
16
716
224
41
64
13
9
11
31
50
50
15
9
12
7
7
1370
872
371
9
319
14
20
311
313
7
9
7
15
10
11
36
15
13
10
10
17
11
12
28
15
9
9
13
11
27
8
14
11
8
7
8
15
10
416
40
22
8
10
9
25
7
8
310
11
31
20
12
8
10
15
9
10
9
8
11
750
254
27
19
56
25
8
14
34
809
310
14
4
25
15
114
44
8
14
8
8
18
15
13
7
333
17
34
8
9
10
10
17
717
227
13
27
11
17
8
325
12
7
43
10
12
10
42
20
15
23
11
21
14
11
12
9
32
12
25
11
9
12
7
724
222
62
16
32
11
9
15
19
5
11
4
8
7
8
10
15
16
12
25
20
12
13
10
13
10
19
21
14
118
15
19
28
11
20
8
8
14
12
9
36
8
11
11
20
10
15
12
8
9
10
7
9
11
8
10
12
16
7
8
14
7
9
14
10
13
11
31
12
34
16
16
11
8
13
7
7
315
7
8
12
327
11
16
26
12
19
12
10
8
43
25
17
9
8
10
18
23
9
9
10
13
7
7
10
28
14
10
16
17
46
40
22
9
8
7
12
12
11
8
12
16
8
9
11
10
15
11
10
17
9
12
21
18
14
9
53
7
9
12
8
7
8
17
24
12
326
17
313
7
13
7
7
52
7
12
8
13
23
10
14
9
12
9
9
14
9
13
17
11
11
8
12
9
9
6
13
12
12
10
10
19
9
11
15
13
29
9
16
21
15
34
10
10
11
7
9
8
10
14
8
117
15
58
14
9
10
18
82
22
77
50
391
150
48
15
404
7
392
7
7
8
7
10
14
8
6
18
17
36
12
313
18
7
12
11
16
14
12
14
19
19
8
13
7
11
8
13
10
8
8
17
22
14
11
7
7
8
8
13
10
43
22
9
11
15
8
9
14
19
39
24
53
23
9
13
8
9
7
8
7
46
9
15
8
37
14
9
9
8
7
8
25
13
17
10
10
9
15
8
14
23
8
13
37
23
9
10
8
14
8
9
13
8
8
18
8
9
16
311
18
8
23
9
10
9
11
11
13
8
8
13
11
14
12
11
15
10
12
15
9
36
10
14
6
15
23
19
8
14
8
12
10
16
10
8
10
13
7
318
6
318
9
27
10
9
28
14
8
17
7
8
8
29
17
10
10
22
11
16
18
9
7
9
13
7
10
13
18
20
8
30
69
61
14
11
18
9
13
15
9
10
10
17
7
8
13
13
307
12
8
10
9
16
15
11
20
10
9
13
10
8
11
13
33
11
19
316
8
322
8
7
10
10
43
8
21
12
31
20
10
15
10
18
8
11
21
4
14
10
7
8
11
10
53
43
53
8
15
26
9
23
16
13
10
9
10
10
304
9
7
7
14
7
32
12
9
96
10
8
8
10
11
12
38
17
10
11
10
10
9
9
8
15
12
8
9
12
69
10
8
22
16
15
21
32
14
14
17
7
13
11
9
10
14
12
10
8
7
9
10
12
135
11
31
16
15
8
11
9
17
10
7
14
8
63
11
7
9
7
12
21
28
112
34
10
13
13
7
11
14
15
16
16
22
9
13
8
10
12
8
22
24
63
13
11
9
7
4
7
9
8
8
6
12
8
18
10
8
8
29
42
12
21
16
32
18
16
89
8
10
14
11
19
16
8
12
8
9
8
13
10
36
17
16
53
11
7
11
8
8
11
11
20
16
71
19
8
19
12
11
12
16
17
18
43
10
8
8
7
415
55
358
27
335
11
93
9
13
9
312
31
12
22
15
11
10
8
81
17
10
12
9
10
19
9
8
7
78
9
15
12
14
42
21
12
17
45
12
9
8
10
10
18
9
11
8
310
13
18
12
35
31
14
8
28
16
29
39
16
8
8
9
7
8
17
17
35
9
10
8
8
10
18
317
14
39
11
11
10
27
9
8
8
13
42
7
11
16
9
7
15
9
47
13
19
31
18
17
25
10
16
22
8
9
11
8
310
8
19
12
11
34
15
9
10
10
325
34
15
324
34
9
10
14
9
7
10
8
40
8
717
220
23
10
52
10
416
10
20
16
731
245
8
12
24
15
8
7
8
9
8
9
9
11
14
12
20
9
12
9
7
7
184
8
13
15
9
31
20
17
12
13
52
8
13
9
18
79
33
63
37
30
12
16
20
11
8
12
20
11
7
12
12
8
8
10
8
9
19
18
325
12
19
29
329
15
13
10
8
8
312
10
8
13
14
18
8
30
15
54
8
20
9
17
14
25
27
16
11
350
6
9
7
8
11
9
11
12
100
31
52
9
12
11
23
348
15
13
23
9
11
14
8
17
11
14
13
21
42
26
34
761
269
9
11
10
20
38
11
17
34
20
10
13
15
9
32
10
107
8
12
36
9
17
24
10
10
19
7
29
8
26
15
45
15
8
108
12
12
8
38
8
13
20
30
9
13
31
14
22
23
11
37
8
24
8
15
13
13
8
8
9
21
13
10
14
18
29
10
12
12
10
10
13
15
15
15
19
10
9
12
7
9
316
7
9
14
8
46
14
8
9
10
8
10
8
12
310
68
27
16
15
47
12
10
8
5
8
8
12
15
7
20
13
7
10
10
23
20
54
15
320
8
13
20
8
8
40
11
9
13
9
41
11
8
18
25
29
31
12
19
11
14
12
14
10
9
7
15
9
11
20
8
7
7
18
9
8
28
359
11
61
13
22
13
58
333
15
12
67
45
8
12
15
9
8
12
16
8
20
15
14
29
17
355
7
10
11
14
8
25
16
16
14
13
15
9
7
343
13
15
12
16
23
16
363
387
19
12
13
12
8
10
27
315
9
40
77
369
8
42
11
9
60
330
11
18
9
9
18
14
8
9
8
19
18
10
730
233
27
11
9
10
12
15
19
17
20
313
19
9
8
8
714
217
8
14
17
10
10
7
8
8
6
315
8
28
56
13
728
247
7
36
10
9
16
8
11
15
11
8
9
8
7
8
6
316
13
23
9
323
15
14
340
13
8
14
13
8
9
18
16
9
10
8
10
8
11
16
17
25
20
25
37
13
20
28
317
9
8
10
10
11
10
13
8
9
7
7
8
11
16
11
724
240
46
146
10
8
10
16
716
220
12
8
9
61
63
9
11
8
17
114
15
64
36
8
322
18
8
13
10
9
28
7
8
7
21
13
9
12
44
10
15
21
69
9
9
9
10
9
11
12
9
21
48
16
12
18
10
10
9
7
144
24
25
16
10
14
14
54
4
10
11
13
15
8
10
10
11
12
8
10
20
16
44
71
22
20
57
11
16
4
10
12
7
23
18
17
9
8
7
10
7
8
14
11
28
34
22
10
21
30
43
15
7
11
24
15
20
12
11
4
20
14
13
8
7
11
8
7
8
10
8
713
212
17
14
9
11
9
10
7
11
8
8
7
22
13
11
11
16
17
10
8
11
11
8
9
9
314
9
313
12
335
7
8
9
8
7
8
11
7
10
9
14
14
11
13
10
9
7
21
17
10
8
7
10
15
9
310
12
10
7
27
8
8
22
15
11
26
9
11
14
9
9
8
43
35
20
14
11
40
8
13
81
23
8
9
8
9
13
7
15
36
38
34
11
10
9
18
12
11
56
11
20
23
19
12
23
767
288
31
44
57
10
13
9
317
8
8
8
72
26
43
39
66
22
720
225
14
10
11
13
13
34
22
46
25
48
140
9
47
10
79
120
115
55
138
98
183
593
144
203
109
108
112
92
40
19
17
34
32
37
43
17
76
417
67
28
13
63
20
15
10
363
7
12
29
9
13
53
16
15
12
11
13
12
60
168
1164
666
161
23
85
9
15
38
861
372
10
20
14
36
72
18
9
326
11
9
13
10
85
874
376
19
21
50
17
30
58
11
308
9
8
19
13
8
10
17
9
312
9
89
8
39
7
51
16
392
21
310
8
13
10
731
235
38
17
59
43
60
39
14
17
15
24
11
9
14
18
45
40
23
8
7
8
12
9
17
10
19
10
12
19
8
11
723
230
10
14
8
18
47
14
725
232
495
98
39
15
40
44
22
52
53
10
11
12
8
10
67
379
66
9
14
169
109
187
147
89
66
33
137
144
268
54
789
300
36
39
1660
1238
732
230
146
86
96
30
28
94
299
76
118
1251
754
345
159
112
90
88
34
8
221
31
33
118
35
27
70
51
247
1011
533
126
13
39
110
441
61
83
200
27
88
30
34
9
19
9
19
41
22
20
24
12
20
317
20
318
10
30
36
9
11
10
8
19
7
12
9
21
28
18
27
20
13
61
7
11
7
7
9
10
62
43
7
12
7
7
8
20
16
12
11
16
12
7
91
388
10
105
9
18
21
26
745
257
42
310
8
18
15
1271
771
270
338
84
56
56
817
356
1638
1268
768
265
482
196
1846
1715
1213
712
406
1969
1508
1007
506
70
8
23
112
35
49
27
1164
667
161
47
17
57
7
31
8
10
19
8
8
11
24
10
12
11
10
13
9
11
12
12
8
14
7
9
17
10
55
9
22
39
9
15
20
14
46
18
28
12
141
50
42
16
7
8
7
11
8
14
56
50
14
59
21
7
315
12
10
8
20
12
56
20
52
9
60
15
9
7
9
9
81
90
27
30
61
81
258
37
26
13
11
8
9
107
7
10
9
8
8
21
8
11
8
7
11
8
310
10
13
102
15
15
29
45
46
723
224
13
84
9
12
309
7
66
7
8
10
8
722
225
9
14
387
39
43
74
8
8
10
18
7
40
19
10
11
716
219
7
8
7
9
11
8
318
50
53
23
54
52
11
38
318
18
8
17
8
11
8
9
14
8
13
10
10
31
38
50
9
79
342
7
13
11
8
8
14
20
11
14
9
9
8
10
724
228
10
16
42
92
47
146
488
10
23
9
10
12
11
56
319
316
12
8
8
10
8
49
399
22
15
88
51
103
310
18
314
9
8
11
39
38
43
1375
879
374
8
9
18
11
7
140
431
889
390
95
63
10
15
21
9
30
316
16
72
12
16
14
8
9
8
12
69
33
12
51
491
41
47
12
314
8
18
15
5
712
216
11
23
8
7
13
11
113
13
14
9
43
104
784
295
83
9
12
11
806
313
8
9
15
10
63
1415
920
419
28
18
16
14
32
80
89
104
14
11
10
16
9
12
11
14
10
9
15
9
33
22
58
11
23
12
15
11
9
46
720
219
20
7
10
27
8
11
19
8
15
9
22
10
39
13
35
76
4
11
11
15
8
12
11
13
17
11
15
64
10
32
30
10
35
32
62
25
13
123
9
14
31
15
11
8
14
8
58
8
9
8
7
9
28
26
67
16
24
18
7
42
9
18
23
29
7
18
318
8
9
10
21
10
8
25
16
10
9
12
11
8
10
20
8
13
10
13
17
13
30
11
15
11
8
10
21
14
84
49
8
13
4
15
11
10
7
9
13
9
25
12
10
12
40
8
13
10
13
40
7
8
9
9
40
14
8
29
46
89
19
16
61
8
13
12
10
8
7
7
8
10
8
7
10
9
9
9
10
12
16
5
10
21
9
10
19
13
50
13
16
18
76
21
12
13
8
45
9
8
10
63
10
16
11
11
8
10
12
21
12
17
13
7
8
28
7
7
8
8
8
11
8
10
7
8
13
58
8
9
9
7
12
48
17
11
17
318
18
10
7
36
12
10
8
38
11
11
9
8
9
8
68
26
11
79
9
41
8
11
8
12
10
10
36
11
7
12
9
9
8
12
11
18
18
10
48
12
22
17
17
7
10
11
12
8
10
10
8
10
22
11
10
22
8
22
15
13
123
51
100
59
27
10
8
7
9
72
11
7
11
4
10
11
12
8
10
61
72
9
19
69
14
11
10
8
13
10
9
9
10
18
8
9
11
7
8
9
11
32
46
34
21
17
13
10
22
9
11
8
26
10
8
9
18
8
7
48
11
22
8
9
8
10
9
12
17
8
4
25
319
25
43
33
14
10
7
12
10
8
8
7
13
8
12
9
9
8
11
57
337
20
9
27
8
56
21
11
7
8
8
10
11
11
10
29
8
11
13
10
13
8
11
36
36
42
10
16
18
12
9
10
8
10
8
13
8
51
7
10
19
11
136
130
75
49
20
30
74
8
12
823
327
10
9
14
17
8
7
8
8
11
9
13
36
48
16
28
76
52
8
9
14
8
9
10
11
13
13
16
8
10
11
41
10
20
149
42
44
34
77
11
34
27
12
12
32
10
15
9
14
27
41
8
10
10
8
11
21
43
68
12
25
32
20
8
10
327
8
8
10
334
9
317
12
9
8
9
10
17
51
24
17
19
43
13
9
9
10
10
13
4
8
9
7
9
10
26
11
9
18
12
14
22
33
16
81
77
22
9
17
7
8
8
38
11
11
79
13
10
13
30
106
75
22
331
10
96
13
13
11
8
8
10
10
11
16
40
9
319
9
7
53
8
11
16
16
70
46
26
22
7
11
22
8
37
47
30
36
19
31
17
9
65
8
84
45
57
10
11
8
11
12
4
8
9
12
8
9
10
8
8
12
17
10
28
10
20
20
28
24
22
10
8
12
26
7
13
8
11
8
14
8
8
13
11
37
15
14
24
14
27
13
15
11
12
10
32
10
10
15
12
13
12
16
12
26
27
777
322
89
24
35
129
75
1948
1456
956
455
2839
2745
2246
1744
1244
743
443
424
315
194
85
547
61
214
42
94
232
187
354
192
1383
900
396
31
1162
665
164
43
44
7
9
50
11
523
41
17
21
71
9
9
21
17
7
422
7
575
1251
1581
1080
586
85
211
516
1011
751
247
131
87
8
266
65
1408
1418
916
1830
1339
834
333
37
28
125
58
127
156
56
94
65
9
225
25
36
17
92
129
57
35
31
40
23
26
38
37
162
23
211
44
21
25
170
178
81
146
100
15
166
62
11
112
23
44
72
101
96
425
49
170
53
250
9
19
104
136
120
13
58
496
84
30
17
120
44
501
36
13
45
11
13
29
26
45
22
8
12
7
9
9
10
15
65
46
68
15
17
7
8
8
8
15
14
93
70
7
8
10
8
13
10
75
19
35
73
28
17
8
37
12
10
8
10
20
14
34
18
7
7
7
13
8
7
40
15
34
12
20
25
26
8
7
10
12
8
8
8
11
12
11
7
18
26
7
8
27
11
23
15
22
20
23
15
20
8
39
14
9
64
6
28
16
7
8
35
16
30
11
52
46
66
9
7
18
7
7
317
9
318
13
310
32
12
7
11
7
11
34
23
11
201
82
15
17
8
8
10
7
9
8
11
8
10
10
10
8
10
9
44
43
58
17
14
12
22
12
7
12
7
14
12
42
9
38
16
7
10
18
5
9
35
29
23
140
56
12
9
8
12
52
9
80
21
434
266
117
595
253
21
349
289
116
20
16
66
16
150
241
48
54
155
20
46
61
144
80
83
52
22
32
28
34
37
13
85
23
15
60
4
9
35
13
97
45
12
8
7
21
12
8
8
8
8
25
19
9
12
18
9
14
8
8
12
81
20
10
10
14
13
7
9
10
20
33
357
106
158
104
385
1602
1166
666
166
91
53
99
57
12
16
9
11
12
9
7
9
9
15
13
10
9
11
9
14
10
6
107
61
24
7
26
824
347
34
11
343
9
325
9
24
40
10
15
10
19
15
9
9
374
1540
1255
752
438
888
666
161
986
526
29
426
28
380
447
39
40
614
386
49
191
24
94
330
213
20
768
540
37
414
39
23
8
18
33
316
8
8
13
9
13
8
8
14
36
500
20
30
53
371
855
354
10
10
14
12
9
8
20
8
11
8
10
15
8
10
10
9
26
12
8
9
11
10
61
15
13
315
24
7
13
9
16
11
106
17
19
68
14
9
7
13
11
10
7
12
47
34
101
63
45
7
9
12
8
9
54
107
7
10
9
8
14
15
8
7
70
24
13
8
12
12
12
12
12
8
17
209
15
10
77
13
41
8
10
14
9
11
16
31
8
9
20
7
7
8
28
10
11
138
39
53
26
10
54
14
13
35
10
11
316
11
332
14
314
7
311
7
122
38
8
48
14
11
10
8
31
15
7
9
11
10
9
44
70
23
14
16
8
16
15
7
9
9
12
8
11
11
47
14
10
7
19
13
24
7
45
8
14
29
46
18
15
33
72
33
10
7
9
8
20
13
29
8
9
8
10
8
10
14
9
49
37
10
14
25
10
13
11
13
7
10
21
16
13
9
20
29
24
10
54
42
10
12
22
8
19
10
40
8
23
13
10
337
17
18
11
13
8
15
22
8
8
8
39
22
63
18
13
34
44
30
11
19
17
10
7
12
11
14
10
8
7
38
15
7
11
320
20
314
10
320
12
7
8
8
11
22
32
40
31
57
7
8
13
11
12
13
12
12
8
13
9
9
7
67
23
107
7
39
38
68
9
7
14
13
9
24
7
13
28
8
10
8
64
14
14
10
57
21
7
7
20
7
7
11
24
13
16
12
54
51
74
12
11
18
315
7
315
14
27
11
10
9
12
9
7
43
12
8
48
8
40
8
8
8
11
15
8
8
8
11
7
7
12
16
13
12
312
12
12
19
8
20
45
30
26
9
8
41
12
10
7
16
15
9
7
7
9
15
23
11
14
9
57
71
94
11
64
11
8
9
10
7
12
7
13
13
7
10
12
20
27
7
16
24
8
15
21
40
21
11
10
11
16
9
9
111
12
8
9
8
9
8
13
20
11
13
66
11
17
12
25
14
13
125
10
10
12
8
12
38
8
8
13
12
9
17
12
50
26
152
57
13
15
7
45
9
31
11
8
313
11
329
10
10
119
17
12
81
13
26
10
8
14
11
11
8
12
18
8
8
9
13
8
11
11
10
81
82
52
48
66
8
7
355
9
9
8
11
11
8
8
10
14
29
742
444
572
81
11
16
19
7
20
20
35
7
20
16
7
10
8
13
9
11
58
1345
853
352
14
10
723
221
13
7
8
12
13
35
31
42
331
7
15
14
22
28
25
13
17
7
16
18
4
8
13
17
9
10
13
9
13
54
8
9
20
21
12
34
30
14
8
19
8
52
7
12
12
9
12
8
13
11
10
90
6
21
26
21
21
14
37
11
8
11
320
7
312
11
314
10
18
27
7
12
23
18
14
9
13
15
8
10
14
29
8
16
42
36
10
10
21
22
179
45
260
214
169
125
81
14
568
86
20
8
11
12
12
9
9
11
44
35
22
22
8
39
18
116
12
13
15
63
12
8
10
21
8
7
9
15
10
14
315
7
33
12
32
14
7
7
7
8
11
39
12
25
14
26
29
7
51
17
8
7
9
13
8
10
20
12
33
23
16
81
19
8
17
15
9
8
7
807
561
726
229
8
7
7
11
24
12
100
366
32
20
16
20
24
12
13
7
9
12
11
9
11
9
12
24
382
62
7
11
10
1356
864
360
12
56
51
12
8
8
12
719
226
13
14
11
11
20
27
27
442
17
23
26
13
23
31
348
15
11
8
11
8
318
10
21
16
9
17
8
8
20
16
27
43
13
10
15
9
13
47
19
20
14
44
15
47
31
17
7
38
7
8
8
9
735
236
12
315
11
314
11
17
42
31
334
17
15
16
10
14
14
18
796
314
7
11
8
43
84
142
558
62
17
8
7
9
852
372
8
32
39
8
86
22
16
355
18
17
8
18
13
11
8
48
14
8
9
7
12
8
7
22
716
220
23
35
45
25
374
62
286
21
28
9
13
12
8
751
252
12
10
7
29
8
10
764
271
58
70
30
15
13
8
41
23
96
43
12
15
1344
851
347
13
25
8
9
12
40
42
1337
857
354
91
26
8
8
11
309
9
11
8
17
8
14
68
10
10
15
76
13
8
733
236
8
11
13
11
38
16
87
8
49
319
19
375
135
9
85
17
12
9
9
10
71
8
10
10
12
311
21
26
15
9
7
8
13
14
9
12
9
52
26
40
39
9
27
16
10
8
7
10
9
15
10
11
31
9
28
22
24
19
28
37
8
8
13
40
10
10
36
15
42
26
9
9
11
8
10
8
11
9
10
16
314
7
12
8
10
16
8
12
12
89
27
34
22
77
12
7
13
8
10
8
8
13
12
11
6
12
12
7
8
8
10
11
21
15
18
12
17
27
10
19
10
8
12
16
10
11
9
12
10
11
19
9
21
8
11
8
9
18
14
328
7
14
21
724
290
15
16
12
425
17
20
10
15
13
10
22
1341
846
341
7
13
14
27
720
226
18
42
8
12
16
12
2

latency_data.txt
Displaying latency_data.txt.

