6
11
11
51
27
72
32
11
7
9
9
30
47
59
13
24
267
20
43
14
25
30
16
25
58
11
124
14
18
15
24
11
18
17
18
51
39
8
52
17
28
134
230
23
12
22
8
61
11
30
8
13
20
34
23
15
9
83
41
41
33
8
68
12
7
328
15
323
26
316
47
30
12
21
30
46
87
37
167
31
12
120
12
194
232
13
8
10
25
13
10
17
17
51
31
86
48
55
12
78
97
179
80
44
119
12
11
9
26
26
14
10
26
13
13
11
12
27
22
59
8
35
25
17
10
14
9
180
20
28
8
19
12
106
64
80
46
81
11
22
14
15
88
8
45
80
40
57
32
14
284
13
46
73
38
46
46
23
35
28
27
23
43
9
82
27
12
52
99
121
93
23
76
22
17
96
11
10
18
9
24
40
13
27
34
35
13
20
26
23
726
228
12
11
8
7
11
11
8
7
19
39
34
77
184
11
104
15
16
44
90
38
39
75
13
8
13
65
23
65
35
10
30
10
32
7
89
90
23
22
98
7
16
193
32
62
141
24
18
71
78
32
27
8
14
41
47
51
12
29
339
23
9
9
353
12
8
13
333
32
8
78
24
15
9
17
352
780
529
38
393
507
368
184
60
728
234
13
20
341
20
66
12
19
342
24
402
25
17
46
58
172
17
37
29
19
11
12
117
13
11
12
21
69
61
25
60
32
54
16
49
43
99
70
76
426
27
10
17
59
379
39
46
8
8
10
16
36
310
35
31
59
16
105
410
187
44
45
35
28
390
31
57
24
40
28
17
71
55
10
12
68
19
12
56
69
10
8
10
10
92
463
83
70
9
15
12
33
661
470
164
408
375
52
22
42
7
2159
1661
1157
653
151
161
197
56
14
10
8
32
7
7
9
9
634
142
11
11
8
49
13
27
41
95
19
10
39
10
37
12
747
269
5
1381
889
384
12
12
7
8
10
325
24
10
114
9
11
9
12
8
8
15
16
31
13
21
9
8
8
8
98
7
14
27
7
310
12
17
13
8
55
16
66
314
13
7
9
14
7
10
23
14
38
11
8
17
18
721
220
11
10
9
19
8
9
8
1366
870
369
12
31
75
13
28
1356
862
357
39
22
8
33
11
12
20
9
9
8
9
11
38
16
30
78
54
15
31
51
90
94
443
14
33
16
5
11
15
800
301
34
31
44
36
23
24
15
67
23
9
44
12
1394
915
410
23
60
9
13
28
20
119
24
24
72
101
34
55
11
8
13
13
379
894
394
8
8
8
328
21
9
103
357
37
17
14
15
7
8
15
21
9
44
321
15
10
50
14
10
14
16
45
19
200
20
150
432
15
22
22
787
288
75
8
8
11
13
321
16
55
29
17
20
26
9
75
29
45
8
17
9
341
20
48
42
33
914
419
10
64
26
13
105
128
1001
502
8
8
22
39
28
24
13
8
8
10
22
312
9
17
38
18
29
11
10
8
60
9
30
10
16
15
12
34
713
216
10
9
17
9
9
45
90
38
91
17
23
40
23
35
24
14
82
21
48
322
54
9
12
30
18
14
7
66
120
62
33
27
23
387
63
359
26
19
8
11
9
8
8
9
12
75
17
16
30
59
20
46
40
81
156
11
16
111
51
6
39
32
875
383
43
19
35
13
97
84
235
44
30
46
348
21
22
31
11
10
27
18
87
25
47
823
343
12
39
59
31
53
25
315
82
64
46
9
19
31
721
221
37
29
47
21
11
13
43
55
59
29
15
21
88
98
22
132
39
39
107
17
14
8
20
408
22
11
98
48
55
328
41
38
743
299
25
70
33
124
33
72
78
10
30
122
13
18
20
141
44
16
27
52
15
18
58
10
21
135
26
74
26
29
38
13
424
8
62
12
22
81
90
13
402
918
449
12
38
12
69
93
145
455
107
49
33
78
65
468
62
82
39
27
24
13
18
26
455
18
60
36
11
27
17
41
40
75
25
57
103
34
52
36
29
19
8
14
46
74
42
77
32
71
140
51
135
20
10
118
93
22
239
82
32
45
9
63
39
35
19
49
35
38
47
753
280
11
38
24
33
52
68
13
27
49
28
39
14
317
33
141
459
429
334
12
35
47
30
2458
1996
1495
994
491
29
67
34
17
17
61
20
31
98
18
54
28
66
58
34
76
110
12
35
86
21
117
47
33
15
32
65
37
19
20
104
74
27
249
121
42
19
94
17
87
61
31
124
26
57
107
9
38
43
12
80
266
51
17
56
57
57
38
41
1023
542
41
56
19
22
104
172
10
48
153
48
55
106
