6
11
11
51
27
72
32
11
7
9
9
30
47
59
13
24
267
20
43
14
25
30
16
25
58
11
124
14
18
15
24
11
18
17
18
51
39
8
52
17
28
134
230
23
12
22
8
61
11
30
8
13
20
34
23
15
9
83
41
41
33
8
68
12
7
328
15
323
26
316
47
30
12
21
30
46
87
37
167
31
12
120
12
194
232
13
8
10
25
13
10
17
17
51
31
86
48
55
12
78
97
179
80
44
119
12
11
9
26
26
14
10
26
13
13
11
12
27
22
59
8
35
25
17
10
14
9
180
20
28
8
19
12
106
64
80
46
81
11
22
14
15
88
8
45
80
40
57
32
14
284
13
46
73
38
46
46
23
35
28
27
23
43
9
82
27
12
52
99
121
93
23
76
22
17
96
11
10
18
9
24
40
13
27
34
35
13
20
26
23
726
228
12
11
8
7
11
11
8
7
19
39
34
77
184
11
104
15
16
44
90
38
39
75
13
8
13
65
23
65
35
10
30
10
32
7
89
90
23
22
98
7
16
193
32
62
141
24
18
71
78
32
27
8
14
41
47
51
12
29
339
23
9
9
353
12
8
13
333
32
8
78
24
15
9
17
352
780
529
38
393
507
368
184
60
728
234
13
20
341
20
66
12
19
342
24
402
25
17
46
58
172
17
37
29
19
11
12
117
13
11
12
21
69
61
25
60
32
54
16
49
43
99
70
76
426
27
10
17
59
379
39
46
8
8
10
16
36
310
35
31
59
16
105
410
187
44
45
35
28
390
31
57
24
40
28
17
71
55
10
12
68
19
12
56
69
10
8
10
10
92
463
83
70
9
15
12
33
661
470
164
408
375
52
22
42
7
2159
1661
1157
653
151
161
197
56
14
10
8
32
7
7
9
9
634
142
11
11
8
49
13
27
41
95
19
10
39
10
37
12
747
269
5
1381
889
384
12
12
7
8
10
325
24
10
114
9
11
9
12
8
8
15
16
31
13
21
9
8
8
8
98
7
14
27
7
310
12
17
13
8
55
16
66
314
13
7
9
14
7
10
23
14
38
11
8
17
18
721
220
11
10
9
19
8
9
8
1366
870
369
12
31
75
13
28
1356
862
357
39
22
8
33
11
12
20
9
9
8
9
11
38
16
30
78
54
15
31
51
90
94
443
14
33
16
5
11
15
800
301
34
31
44
36
23
24
15
67
23
9
44
12
1394
915
410
23
60
9
13
28
20
119
24
24
72
101
34
55
11
8
13
13
379
894
394
8
8
8
328
21
9
103
357
37
17
14
15
7
8
15
21
9
44
321
15
10
50
14
10
14
16
45
19
200
20
150
432
15
22
22
787
288
75
8
8
11
13
321
16
55
29
17
20
26
9
75
29
45
8
17
9
341
20
48
42
33
914
419
10
64
26
13
105
128
1001
502
8
8
22
39
28
24
13
8
8
10
22
312
9
17
38
18
29
11
10
8
60
9
30
10
16
15
12
34
713
216
10
9
17
9
9
45
90
38
91
17
23
40
23
35
24
14
82
21
48
322
54
9
12
30
18
14
7
66
120
62
33
27
23
387
63
359
26
19
8
11
9
8
8
9
12
75
17
16
30
59
20
46
40
81
156
11
16
111
51
6
39
32
875
383
43
19
35
13
97
84
235
44
30
46
348
21
22
31
11
10
27
18
87
25
47
823
343
12
39
59
31
53
25
315
82
64
46
9
19
31
721
221
37
29
47
21
11
13
43
55
59
29
15
21
88
98
22
132
39
39
107
17
14
8
20
408
22
11
98
48
55
328
41
38
743
299
25
70
33
124
33
72
78
10
30
122
13
18
20
141
44
16
27
52
15
18
58
10
21
135
26
74
26
29
38
13
424
8
62
12
22
81
90
13
402
918
449
12
38
12
69
93
145
455
107
49
33
78
65
468
62
82
39
27
24
13
18
26
455
18
60
36
11
27
17
41
40
75
25
57
103
34
52
36
29
19
8
14
46
74
42
77
32
71
140
51
135
20
10
118
93
22
239
82
32
45
9
63
39
35
19
49
35
38
47
753
280
11
38
24
33
52
68
13
27
49
28
39
14
317
33
141
459
429
334
12
35
47
30
2458
1996
1495
994
491
29
67
34
17
17
61
20
31
98
18
54
28
66
58
34
76
110
12
35
86
21
117
47
33
15
32
65
37
19
20
104
74
27
249
121
42
19
94
17
87
61
31
124
26
57
107
9
38
43
12
80
266
51
17
56
57
57
38
41
1023
542
41
56
19
22
104
172
10
48
153
48
55
106
12
13
122
56
210
78
257
14
10
13
614
132
117
99
11
19
45
457
34
79
14
29
68
10
27
163
1182
683
184
17
36
65
13
11
54
238
9
564
65
48
440
52
33
10
17
58
29
73
92
370
83
60
32
28
64
11
33
193
27
11
11
52
10
15
9
31
62
8
10
31
11
13
28
11
16
35
12
26
86
17
8
9
9
9
9
8
11
13
21
32
172
13
113
469
12
71
23
21
45
27
24
14
36
13
23
7
7
351
16
172
125
106
67
26
8
26
74
12
48
7
9
24
11
412
12
10
38
12
131
34
13
26
8
87
17
13
11
19
15
14
9
28
191
9
24
125
17
22
33
13
9
7
393
8
46
941
463
36
394
47
170
91
16
188
15
53
54
41
46
52
10
102
18
6
12
14
25
34
36
28
435
111
454
48
12
11
47
235
29
45
17
38
17
24
10
34
90
63
14
27
33
394
43
19
53
47
17
150
123
58
32
1332
937
435
149
79
9
19
15
13
7
21
22
18
26
50
29
81
18
120
23
72
24
56
23
46
56
161
65
29
126
65
44
55
65
49
12
57
7
8
122
1164
679
174
11
17
99
459
110
20
18
12
26
26
8
28
19
437
335
11
30
210
103
125
16
48
194
42
76
97
23
21
31
28
15
24
16
55
21
212
40
63
50
35
13
93
12
34
20
48
67
33
92
197
12
32
12
19
28
8
5
9
16
17
18
44
10
8
7
22
102
26
58
31
50
19
50
12
8
9
342
28
9
34
46
15
33
117
56
16
32
177
10
36
28
16
82
54
15
25
155
49
10
13
11
194
23
29
16
27
87
27
891
394
20
17
10
55
28
35
70
303
1176
671
536
52
18
102
59
54
77
61
63
16
9
9
44
86
7
9
10
359
7
28
15
8
9
170
14
8
32
25
64
16
350
8
27
10
16
101
904
406
7
11
18
12
15
14
34
12
12
35
36
8
9
20
16
10
17
156
9
10
8
16
13
8
8
12
67
52
96
18
74
26
17
20
90
32
20
20
13
10
124
8
16
7
10
7
111
18
317
107
80
70
11
9
10
8
9
11
12
9
8
8
18
10
9
11
10
8
7
10
126
42
39
11
328
8
11
10
7
9
14
8
11
20
22
7
12
10
12
8
10
750
252
10
16
19
8
88
315
8
7
12
9
15
140
82
39
61
12
10
8
13
10
6
1449
957
456
9
311
7
12
9
12
14
74
15
18
36
12
103
17
78
29
353
25
11
27
32
314
7
13
9
30
27
16
27
17
12
30
12
13
10
9
11
81
12
9
13
13
10
17
18
16
41
24
11
29
316
13
20
12
12
14
7
10
8
8
8
13
776
275
14
50
22
10
38
112
396
7
6
15
7
10
58
17
715
220
19
19
32
10
30
15
14
10
15
18
8
7
743
272
7
8
4
42
19
28
349
12
17
15
21
20
39
259
50
46
21
14
388
7
15
7
356
10
8
13
39
65
89
18
19
203
529
235
25
23
12
15
18
7
441
8
397
8
10
14
7
8
22
12
8
20
15
39
126
14
17
7
8
28
15
7
8
12
11
9
8
7
12
11
9
12
12
73
53
54
20
15
9
12
8
9
15
9
8
10
29
12
20
14
42
11
25
44
92
13
35
11
41
41
24
9
10
8
11
100
73
15
19
12
15
329
9
11
31
58
14
76
17
45
25
8
53
12
9
30
30
8
8
13
73
155
41
531
69
78
11
21
31
146
121
16
9
12
21
11
7
9
21
26
10
55
23
10
15
45
17
93
85
22
12
33
11
20
9
715
214
711
211
47
11
10
24
18
370
350
36
17
22
46
107
327
28
88
9
12
25
7
7
320
10
9
7
11
34
34
46
9
309
9
13
315
13
14
12
318
16
310
62
357
13
8
8
86
111
38
28
10
11
14
8
322
12
8
11
8
7
13
7
10
30
310
9
130
49
19
63
9
10
8
12
26
20
25
8
316
19
315
8
314
93
379
96
13
38
13
10
13
16
11
14
17
9
10
13
13
9
45
79
63
79
12
15
15
16
10
12
10
8
9
18
18
7
12
13
9
12
8
10
45
42
102
42
12
13
11
7
11
13
19
7
12
12
16
8
11
33
33
13
12
79
69
27
15
74
24
24
22
36
40
26
27
17
24
27
29
9
31
41
71
30
38
30
18
134
45
68
13
21
177
72
34
15
14
33
9
8
13
9
52
33
22
31
44
91
20
66
11
10
15
15
20
7
13
8
9
7
9
12
13
105
44
26
97
48
94
8
12
14
20
13
37
41
10
83
9
14
15
36
59
86
29
84
40
40
38
48
8
11
25
15
52
73
96
8
8
30
13
10
8
8
16
120
75
34
45
21
62
56
13
23
10
11
30
10
34
18
57
161
18
8
30
8
75
46
23
12
15
11
47
36
11
7
12
13
10
19
24
16
10
70
21
21
11
32
9
25
317
29
11
26
21
18
14
53
14
8
14
16
20
20
16
127
56
144
37
16
9
13
9
17
13
9
11
29
91
30
33
23
245
66
7
8
9
11
10
8
7
10
17
47
28
13
13
7
7
8
31
15
9
18
34
12
14
14
11
8
10
7
14
8
9
11
30
36
8
13
13
9
8
10
10
39
8
18
14
48
8
19
9
10
37
12
8
136
9
7
10
10
8
8
17
22
7
31
10
9
10
98
11
11
12
10
7
11
17
11
7
10
18
10
8
7
13
20
28
28
18
14
13
7
11
8
10
10
8
9
14
15
8
317
12
314
10
13
13
75
23
32
59
80
24
12
10
14
8
11
16
32
78
15
8
8
9
13
8
19
22
20
42
15
28
10
12
10
12
15
56
313
16
10
8
9
9
333
9
14
13
12
28
8
8
358
7
13
8
10
11
15
10
14
8
7
8
35
732
237
14
14
768
279
13
10
19
9
8
12
9
10
12
11
9
12
8
1328
831
328
9
8
8
21
20
50
15
17
788
292
87
8
8
16
21
37
13
8
8
8
10
8
11
12
16
10
10
17
14
313
8
10
13
12
7
14
16
34
8
8
13
40
7
10
6
14
335
40
20
44
16
20
8
23
312
10
46
9
13
15
77
14
14
24
8
12
10
16
15
21
715
220
11
11
39
8
16
14
313
10
25
11
81
17
21
18
8
13
11
9
11
12
11
25
15
10
15
19
309
7
23
9
11
10
8
8
18
15
8
13
8
18
13
8
8
13
319
11
15
18
314
22
45
15
8
57
19
17
12
37
19
12
11
8
10
8
8
10
9
8
8
10
18
17
7
9
8
8
12
10
7
8
32
9
15
21
26
8
11
8
9
8
11
17
48
731
238
34
9
39
17
7
9
8
11
8
12
9
13
61
1328
830
327
7
9
8
9
5
8
14
14
11
8
13
14
9
8
12
10
8
12
16
10
11
328
32
14
10
10
12
9
7
329
368
9
12
9
7
9
14
1342
852
347
21
9
10
73
40
9
8
9
10
12
9
13
16
716
224
41
64
13
9
11
31
50
50
15
9
12
7
7
1370
872
371
9
319
14
20
311
313
7
9
7
15
10
11
36
15
13
10
10
17
11
12
28
15
9
9
13
11
27
8
14
11
8
7
8
15
10
416
40
22
8
10
9
25
7
8
310
11
31
20
12
8
10
15
9
10
9
8
11
750
254
27
19
56
25
8
14
34
809
310
14
4
25
15
114
44
8
14
8
8
18
15
13
7
333
17
34
8
9
10
10
17
717
227
13
27
11
17
8
325
12
7
43
10
12
10
42
20
15
23
11
21
14
11
12
9
32
12
25
11
9
12
7
724
222
62
16
32
11
9
15
19
5
11
4
8
7
8
10
15
16
12
25
20
12
13
10
13
10
19
21
14
118
15
19
28
11
20
8
8
14
12
9
36
8
11
11
20
10
15
12
8
9
10
7
9
11
8
10
12
16
7
8
14
7
9
14
10
13
11
31
12
34
16
16
11
8
13
7
7
315
7
8
12
327
11
16
26
12
19
12
10
8
43
25
17
9
8
10
18
23
9
9
10
13
7
7
10
28
14
10
16
17
46
40
22
9
8
7
12
12
11
8
12
16
8
9
11
10
15
11
10
17
9
12
21
18
14
9
53
7
9
12
8
7
8
17
24
12
326
17
313
7
13
7
7
52
7
12
8
13
23
10
14
9
12
9
9
14
9
13
17
11
11
8
12
9
9
6
13
12
12
10
10
19
9
11
15
13
29
9
16
21
15
34
10
10
11
7
9
8
10
14
8
117
15
58
14
9
10
18
82
22
77
50
391
150
48
15
404
7
392
7
7
8
7
10
14
8
6
18
17
36
12
313
18
7
12
11
16
14
12
14
19
19
8
13
7
11
8
13
10
8
8
17
22
14
11
7
7
8
8
13
10
43
22
9
11
15
8
9
14
19
39
24
53
23
9
13
8
9
7
8
7
46
9
15
8
37
14
9
9
8
7
8
25
13
17
10
10
9
15
8
14
23
8
13
37
23
9
10
8
14
8
9
13
8
8
18
8
9
16
311
18
8
23
9
10
