34
23
27
56
34
56
56
23
34
20
24
14
33
67
78
46
34
37
68
12
14
16
24
11
8
18
29
33
32
36
45
32
22
23
22
56
45
12
16
34
56
44
76
56
45
53
23
45
67
87
82
35
78
89
56
43
211
56
67
76
56
67
34
23
11
13
15
45
56
32
45
67
54
52
51
24
23
56
45
44
89
134
23
22
11
23
34
25
28
37
67
35
24
29
13
17
88
78
10
9
9
8
15
12
8
9
12
69
10
8
22
16
15
21
32
14
14
17
7
13
11
9
10
14
12
10
8
7
9
10
12
135
11
31
16
15
8
11
9
17
10
7
14
8
63
11
7
9
7
12
21
28
112
34
10
13
13
7
11
14
15
16
16
22
9
13
8
10
12
8
22
24
63
13
11
9
7
4
7
9
8
8
6
12
8
18
10
8
8
29
42
12
21
16
32
18
16
89
8
10
14
11
19
16
8
12
8
9
8
13
10
36
17
16
53
11
7
11
8
8
11
11
20
16
71
19
8
19
12
11
12
16
17
18
43
10
8
8
7
415
55
358
27
335
11
93
9
13
9
312
31
12
22
15
11
10
8
81
17
10
12
9
10
19
9
8
7
78
9
15
12
14
42
21
12
17
45
12
9
8
10
10
18
9
11
8
310
13
18
12
35
31
14
8
28
16
29
39
16
8
8
9
7
8
17
17
35
9
10
8
8
10
18
317
14
39
11
11
10
27
9
8
8
13
42
7
11
16
9
7
15
9
47
13
19
31
18
17
25
10
16
22
8
9
11
8
310
8
19
12
11
34
15
9
10
10
325
34
15
324
34
9
10
14
9
7
10
8
40
8
717
220
23
10
52
10
416
10
20
16
731
245
8
12
24
15
8
7
8
9
8
9
9
11
14
12
20
9
12
9
7
7
184
8
13
15
9
31
20
17
12
13
52
8
13
9
18
79
33
63
37
30
12
16
20
11
8
12
20
11
7
12
12
8
8
10
8
9
19
18
325
12
19
29
329
15
13
10
8
8
312
10
8
13
14
18
8
30
15
54
8
20
9
17
14
25
27
16
11
350
6
9
7
8
11
9
11
12
100
31
52
9
12
11
23
348
15
13
23
9
11
14
8
17
11
14
13
21
42
26
34
761
269
9
11
10
20
38
11
17
34
20
10
13
15
9
32
10
107
8
12
36
9
17
24
10
10
19
7
29
8
26
15
45
15
8
108
12
12
8
38
8
13
20
30
9
13
31
14
22
23
11
37
8
24
8
15
13
13
8
8
9
21
13
10
14
18
29
10
12
12
10
10
13
15
15
15
19
10
9
12
7
9
316
7
9
14
8
46
14
8
9
10
8
10
8
12
310
68
27
16
15
47
12
10
8
5
8
8
12
15
7
20
13
7
10
10
23
20
54
15
320
8
13
20
8
8
40
11
9
13
9
41
11
8
18
25
29
31
12
19
11
14
12
14
10
9
7
15
9
11
20
8
7
7
18
9
8
28
359
11
61
13
22
13
58
333
15
12
67
45
8
12
15
9
8
12
16
8
20
15
14
29
17
355
7
10
11
14
8
25
16
16
14
13
15
9
7
343
13
15
12
16
23
16
363
387
19
12
13
12
8
10
27
315
9
40
77
369
15
54
8
20
9
17
14
25
27
16
11
350
6
9
7
8
11
9
11
12
100
31
52
9
12
11
23
348
15
13
23
9
11
14
8
17
11
14
13
21
42
26
34
761
269
9
11
10
20
38
11
17
34
20
10
13
15
9
32
10
107
8
12
36
9
17
24
10
10
19
7
29
8
26
15
45
15
8
108
12
12
8
11
8
18
25
29
31
12
19
11
14
12
14
10
9
7
15
9
11
20
8
7
7
18
9
8
28
359
11
61
13
22
13
58
333
15
12
67
45
8
12
15
9
8
12
16
8
20
15
14
29
17
355
7
10
11
14
8
25
16
16
14
13
15
9
7
343
13
15
12
16
23
16
363
387
19
12
13
12
8
10
27
315
9
40
77
369
8
42
11
9
60
330
11
18
9
9
18
14
8
9
8
19
18
10
730
233
27
11
9
10
12
15
19
17
20
313
19
9
8
8
714
217
8
14
17
10
10
7
8
8
6
315
8
28
56
13
728
247
7
36
10
9
16
8
11
15
11
8
9
8
7
8
6
316
13
23
9
323
15
14
340
13
8
14
13
8
9
18
16
9
10
8
10
8
11
16
17
25
20
25
37
13
20
28
317
9
8
10
10
11
10
13
8
9
7
7
8
11
16
11
724
240
46
146
10
8
10
16
716
220
12
8
9
61
63
9
11
8
17
114
15
64
36
8
322
18
8
13
10
9
28
7
8
7
21
13
9
12
44
10
15
21
69
9
9
9
10
9
11
12
9
21
48
16
12
18
10
10
9
7
144
24
25
16
10
14
14
54
4
10
11
13
15
8
10
10
11
12
8
10
20
16
44
71
22
20
57
11
16
4
10
12
7
23
18
17
9
8
7
10
7
8
14
11
28
34
22
10
21
30
43
15
7
11
24
15
20
12
11
4
20
109
108
112
92
40
19
17
34
32
37
43
17
76
417
67
28
13
63
20
15
10
363
7
12
29
9
13
53
16
15
12
11
13
12
60
168
1164
666
161
23
85
9
15
38
861
372
10
20
14
36
72
18
9
326
11
9
13
10
85
874
376
19
21
50
17
30
58
11
308
9
8
19
13
8
10
17
9
312
9
89
8
39
7
51
16
392
21
310
8
13
10
731
235
38
17
59
43
60
39
14
17
15
24
11
9
14
18
45
40
23
8
7
8
12
9
17
10
19
10
12
19
8
11
723
230
10
14
8
18
47
14
725
232
495
98
39
15
40
44
22
52
53
10
11
12
8
10
67
379
66
9
14
169
109
187
147
89
66
33
137
144
268
54
789
300
36
39
1660
1238
732
230
146
86
96
30
28
94
299
76
118
1251
754
345
159
112
90
88
34
8
221
31
33
118
35
27
70
51
247
1011
533
126
13
39
110
441
61
83
200
27
88
30
34
9
19
9
19
41
22
20
24
12
20
317
20
318
10
30
36
9
11
10
8
19
7
12
9
21
28
18
27
20
13
61
7
11
7
7
9
10
62
43
7
12
7
7
8
20
16
12
11
16
12
7
91
388
10
105
9
18
21
26
745
257
42
310
8
18
15
1271
771
270
338
84
56
56
817
356
1638
1268
768
265
482
67
7
31
8
10
19
8
8
11
24
10
12
11
10
13
9
11
12
12
8
14
7
9
17
10
55
9
22
39
9
15
20
14
46
18
28
12
141
50
42
16
7
8
7
11
8
14
56
50
14
59
21
7
315
12
10
8
20
12
56
20
52
9
60
15
9
7
9
9
81
90
27
30
61
81
258
37
26
13
11
8
9
107
7
10
9
8
8
21
8
11
8
7
11
8
310
10
13
102
15
15
29
45
46
723
224
13
84
9
12
309
7
66
7
8
10
8
722
225
9
14
387
39
43
74
8
8
10
18
7
40
19
10
11
716
219
7
8
7
9
11
8
318
50
53
23
54
52
11
38
318
18
8
17
8
11
8
9
14
8
13
10
10
31
38
50
9
79
342
7
13
11
8
8
14
20
11
14
9
9
8
10
724
228
10
16
42
92
47
146
488
10
23
9
10
12
11
56
319
316
12
8
8
10
8
49
399
22
15
88
51
103
310
18
314
9
8
11
39
38
43
1375
879
374
8
9
18
11
7
140
431
889
390
95
63
10
15
21
9
30
316
16
72
12
16
14
8
9
8
12
69
33
12
51
491
41
47
12
314
8
18
15
5
712
216
11
23
8
7
13
11
113
13
14
9
43
104
784
295
83
9
12
11
806
313
8
9
15
10
63
1415
920
419
28
18
16
14
32
80
89
104
14
11
10
16
9
12
11
14
10
9
15
9
33
22
58
11
23
12
15
11
9
46
720
219
20
7
10
27
8
11
19
8
15
9
22
10
39
13
35
76
4
11
11
15
8
12
11
13
17
11
15
64
10
32
30
10
35
32
62
25
13
123
9
14
31
15
11
8
14
8
58
8
9
8
7
9
28
26
67
16
24
18
7
42
9
18
23
29
7
18
318
8
9
10
21
10
8
25
16
10
9
12
11
8
10
20
8
13
10
13
17
13
30
11
15
11
8
10
21
14
84
49
8
13
4
15
11
10
7
9
13
9
25
12
10
12
40
8
13
10
13
40
7
8
9
9
40
14
8
29
46
89
19
16
61
8
13
12
10
8
7
7
8
10
8
7
10
9
9
9
10
12
16
5
10
21
9
10
19
13
50
13
16
18
76
21
12
13
8
45
9
8
10
63
10
16
11
11
8
10
12
21
12
17
13
7
8
28
7
7
8
8
8
11
8
10
7
8
13
58
8
9
9
7
12
48
17
11
17
318
18
10
7
36
12
10
8
38
11
11
9
8
9
8
68
26
11
79
9
41
8
11
8
12
10
10
36
11
7
12
9
9
8
12
11
18
18
10
48
12
22
17
17
7
10
11
12
8
10
10
8
10
34






















































































































































































































































































































































































































































































































































































































































































































































































































































































































































































































































































































































































































































































































































































































































































































































































































































































































































































































































































































































































































































































































































































































































































































































































































































































































































































































































































































































































































































































































































































































































































































































































































































































































































































































































































































































































































































































































































































































































































































































































































































































































































































































































































































































































































































































































































































































































































































































































































































































































































































































































































































































































































































